,0
0,3.0
1,1.0
2,1.0
3,1.0
4,1.0
5,1.0
6,1.0
7,1.0
8,1.0
9,1.0
10,1.0
11,1.0
12,1.0
13,1.0
14,1.0
15,1.0
16,0.0
17,1.0
18,1.0
19,0.0
20,1.0
21,1.0
22,0.0
23,1.0
24,1.0
25,0.0
26,1.0
27,0.0
28,0.0
29,1.0
30,0.0
31,0.0
32,0.0
33,1.0
34,0.0
35,1.0
36,1.0
37,0.0
38,1.0
39,0.0
40,0.0
41,1.0
42,0.0
43,0.0
44,1.0
45,1.0
46,0.0
47,0.0
48,2.0
49,1.0
50,0.0
51,0.0
52,2.0
53,1.0
54,0.0
55,0.0
56,2.0
57,1.0
58,0.0
59,0.0
60,0.0
61,2.0
62,0.0
63,2.0
64,2.0
65,0.0
66,2.0
67,1.0
68,0.0
69,2.0
70,0.0
71,2.0
72,1.0
73,0.0
74,1.0
75,1.0
76,0.0
77,2.0
78,0.0
79,2.0
80,0.0
81,2.0
82,0.0
83,2.0
84,0.0
85,1.0
86,2.0
87,2.0
88,1.0
89,0.0
90,3.0
91,1.0
92,0.0
93,0.0
94,3.0
95,2.0
96,0.0
97,0.0
98,3.0
99,2.0
100,1.0
101,0.0
102,0.0
103,2.0
104,1.0
105,0.0
106,3.0
107,0.0
108,3.0
109,3.0
110,2.0
111,0.0
112,1.0
113,3.0
114,2.0
115,1.0
116,1.0
117,3.0
118,1.0
119,2.0
120,3.0
121,2.0
122,1.0
123,2.0
124,2.0
125,1.0
126,0.0
127,3.0
128,3.0
129,3.0
130,3.0
131,2.0
132,3.0
133,3.0
134,0.0
135,3.0
136,3.0
137,0.0
138,3.0
139,3.0
140,2.0
141,0.0
142,3.0
143,3.0
144,2.0
145,0.0
146,3.0
147,2.0
148,0.0
149,0.0
150,3.0
151,2.0
152,0.0
153,3.0
154,0.0
155,2.0
156,2.0
157,3.0
158,2.0
159,0.0
160,3.0
161,3.0
162,2.0
163,0.0
164,3.0
165,3.0
166,2.0
167,0.0
168,3.0
169,2.0
170,0.0
171,0.0
172,3.0
173,0.0
174,2.0
175,2.0
176,0.0
177,2.0
178,3.0
179,2.0
180,0.0
181,2.0
182,0.0
183,0.0
184,3.0
185,0.0
186,3.0
187,3.0
188,1.0
189,3.0
190,3.0
191,2.0
192,1.0
193,3.0
194,3.0
195,1.0
196,3.0
197,3.0
198,2.0
199,1.0
200,0.0
201,2.0
202,3.0
203,3.0
204,1.0
205,0.0
206,1.0
207,3.0
208,1.0
209,0.0
210,2.0
211,3.0
212,1.0
213,2.0
214,2.0
215,1.0
216,2.0
217,2.0
218,1.0
219,2.0
220,2.0
221,0.0
222,2.0
223,1.0
224,2.0
225,1.0
226,2.0
227,1.0
228,2.0
229,1.0
230,0.0
231,0.0
232,3.0
233,0.0
234,0.0
235,3.0
236,0.0
237,0.0
238,3.0
239,2.0
240,0.0
241,0.0
242,3.0
243,1.0
244,0.0
245,0.0
246,1.0
247,0.0
248,3.0
249,0.0
250,3.0
251,3.0
252,0.0
253,0.0
254,3.0
255,0.0
256,0.0
257,3.0
258,0.0
259,0.0
260,3.0
261,0.0
262,0.0
263,0.0
264,1.0
265,0.0
266,3.0
267,3.0
268,1.0
269,0.0
270,3.0
271,3.0
272,0.0
273,1.0
274,3.0
275,2.0
276,1.0
277,0.0
278,1.0
279,0.0
280,2.0
281,1.0
282,0.0
283,0.0
284,3.0
285,2.0
286,1.0
287,0.0
288,0.0
289,3.0
290,2.0
291,1.0
292,0.0
293,0.0
294,3.0
295,1.0
296,0.0
297,2.0
298,0.0
299,2.0
300,2.0
301,0.0
302,1.0
303,3.0
304,2.0
305,1.0
306,0.0
307,1.0
308,0.0
309,2.0
310,1.0
311,0.0
312,1.0
313,3.0
314,2.0
315,1.0
316,0.0
317,1.0
318,1.0
319,0.0
320,2.0
321,1.0
322,3.0
323,2.0
324,1.0
325,0.0
326,2.0
327,1.0
328,3.0
329,2.0
330,1.0
331,3.0
332,2.0
333,1.0
334,3.0
335,1.0
336,3.0
337,1.0
338,2.0
339,0.0
340,3.0
341,2.0
342,0.0
343,1.0
344,3.0
345,3.0
346,1.0
347,3.0
348,1.0
349,2.0
350,1.0
351,1.0
352,2.0
353,1.0
354,1.0
355,2.0
356,2.0
357,2.0
358,1.0
359,3.0
360,2.0
361,1.0
362,3.0
363,2.0
364,1.0
365,3.0
366,2.0
367,1.0
368,1.0
369,3.0
370,1.0
371,2.0
372,1.0
373,0.0
374,3.0
375,3.0
376,3.0
377,2.0
378,1.0
379,0.0
380,3.0
381,1.0
382,0.0
383,3.0
384,2.0
385,0.0
386,3.0
387,2.0
388,1.0
389,0.0
390,0.0
391,2.0
392,1.0
393,0.0
394,3.0
395,3.0
396,1.0
397,0.0
398,3.0
399,3.0
400,2.0
401,0.0
402,3.0
403,2.0
404,0.0
405,3.0
406,2.0
407,0.0
408,3.0
409,1.0
410,0.0
411,0.0
412,3.0
413,1.0
414,0.0
415,3.0
416,2.0
417,0.0
418,1.0
419,1.0
420,3.0
421,2.0
422,1.0
423,0.0
424,3.0
425,2.0
426,1.0
427,0.0
428,3.0
429,2.0
430,1.0
431,0.0
432,1.0
433,0.0
434,2.0
435,0.0
436,2.0
437,3.0
438,2.0
439,0.0
440,1.0
441,3.0
442,2.0
443,1.0
444,0.0
445,1.0
446,3.0
447,2.0
448,1.0
449,0.0
450,2.0
451,1.0
452,0.0
453,3.0
454,3.0
455,3.0
456,1.0
457,0.0
458,2.0
459,3.0
460,2.0
461,1.0
462,0.0
463,2.0
464,0.0
465,3.0
466,2.0
467,1.0
468,0.0
469,0.0
470,3.0
471,2.0
472,0.0
473,0.0
474,1.0
475,0.0
476,3.0
477,0.0
478,3.0
479,1.0
480,0.0
481,0.0
482,0.0
483,0.0
484,3.0
485,0.0
486,0.0
487,3.0
488,2.0
489,0.0
490,3.0
491,0.0
492,3.0
493,2.0
494,0.0
495,3.0
496,0.0
497,3.0
498,2.0
499,0.0
500,3.0
501,2.0
502,1.0
503,0.0
504,3.0
505,2.0
506,1.0
507,0.0
508,1.0
509,2.0
510,2.0
511,2.0
512,1.0
513,2.0
514,1.0
515,1.0
516,2.0
517,1.0
518,3.0
519,3.0
520,2.0
521,1.0
522,3.0
523,3.0
524,1.0
525,3.0
526,0.0
527,3.0
528,2.0
529,1.0
530,3.0
531,2.0
532,3.0
533,2.0
534,1.0
535,3.0
536,1.0
537,1.0
538,3.0
539,1.0
540,1.0
541,3.0
542,1.0
543,0.0
544,1.0
545,1.0
546,0.0
547,2.0
548,3.0
549,2.0
550,0.0
551,3.0
552,2.0
553,3.0
554,2.0
555,1.0
556,0.0
557,2.0
558,3.0
559,2.0
560,2.0
561,0.0
562,0.0
563,3.0
564,2.0
565,0.0
566,1.0
567,2.0
568,1.0
569,0.0
570,1.0
571,2.0
572,1.0
573,0.0
574,1.0
575,2.0
576,1.0
577,0.0
578,1.0
579,2.0
580,1.0
581,0.0
582,0.0
583,2.0
584,0.0
585,2.0
586,2.0
587,0.0
588,1.0
589,0.0
590,2.0
591,1.0
592,0.0
593,0.0
594,3.0
595,2.0
596,1.0
597,0.0
598,0.0
599,2.0
600,0.0
601,0.0
602,3.0
603,1.0
604,0.0
605,2.0
606,0.0
607,3.0
608,2.0
609,1.0
610,0.0
611,2.0
612,0.0
613,3.0
614,2.0
615,1.0
616,0.0
617,3.0
618,3.0
619,3.0
620,3.0
621,2.0
622,0.0
623,3.0
624,3.0
625,2.0
626,1.0
627,0.0
628,3.0
629,3.0
630,0.0
631,3.0
632,3.0
633,2.0
634,1.0
635,0.0
636,3.0
637,3.0
638,3.0
639,1.0
640,3.0
641,0.0
642,3.0
643,1.0
644,0.0
645,2.0
646,1.0
647,2.0
648,0.0
649,2.0
650,1.0
651,0.0
652,2.0
653,0.0
654,1.0
655,0.0
656,2.0
657,2.0
658,2.0
659,1.0
660,2.0
661,1.0
662,0.0
663,2.0
664,1.0
665,0.0
666,2.0
667,0.0
668,1.0
669,1.0
670,1.0
671,0.0
672,2.0
673,2.0
674,1.0
675,2.0
676,2.0
677,1.0
678,2.0
679,0.0
680,2.0
681,1.0
682,0.0
683,2.0
684,0.0
685,2.0
686,0.0
687,2.0
688,1.0
689,0.0
690,2.0
691,1.0
692,0.0
693,2.0
694,1.0
695,0.0
696,2.0
697,1.0
698,0.0
699,2.0
700,1.0
701,2.0
702,1.0
703,2.0
704,1.0
705,2.0
706,1.0
707,2.0
708,1.0
709,2.0
710,1.0
711,2.0
712,1.0
713,2.0
714,1.0
715,0.0
716,0.0
717,0.0
718,0.0
719,0.0
720,0.0
721,0.0
722,1.0
723,2.0
724,1.0
725,0.0
726,0.0
727,0.0
728,0.0
729,0.0
730,0.0
731,1.0
732,1.0
733,0.0
734,1.0
735,0.0
736,3.0
737,3.0
738,3.0
739,3.0
740,3.0
741,3.0
742,3.0
743,3.0
744,3.0
745,3.0
746,3.0
747,3.0
748,3.0
749,3.0
750,3.0
751,3.0
752,2.0
753,2.0
754,2.0
755,2.0
756,2.0
757,3.0
758,2.0
759,2.0
760,3.0
761,2.0
762,2.0
763,3.0
764,2.0
765,2.0
766,3.0
767,2.0
768,3.0
769,3.0
770,3.0
771,3.0
772,2.0
773,2.0
774,2.0
775,2.0
776,2.0
777,2.0
778,3.0
779,2.0
780,2.0
781,2.0
782,2.0
783,2.0
784,3.0
785,3.0
786,3.0
787,2.0
788,3.0
789,1.0
790,1.0
791,1.0
792,1.0
793,1.0
794,3.0
795,1.0
796,1.0
797,3.0
798,1.0
799,3.0
800,1.0
801,3.0
802,2.0
803,1.0
804,3.0
805,1.0
806,3.0
807,2.0
808,1.0
809,3.0
810,1.0
811,3.0
812,2.0
813,1.0
814,0.0
815,0.0
816,0.0
817,0.0
818,0.0
819,0.0
820,3.0
821,0.0
822,0.0
823,3.0
824,2.0
825,0.0
826,3.0
827,0.0
828,3.0
829,1.0
830,0.0
831,0.0
832,3.0
833,2.0
834,1.0
835,0.0
836,0.0
837,0.0
838,0.0
839,3.0
840,1.0
841,0.0
842,2.0
843,2.0
844,2.0
845,2.0
846,2.0
847,2.0
848,0.0
849,2.0
850,2.0
851,1.0
852,0.0
853,0.0
854,0.0
855,0.0
856,3.0
857,1.0
858,0.0
859,2.0
860,2.0
861,2.0
862,2.0
863,2.0
864,2.0
865,0.0
866,2.0
867,2.0
868,1.0
869,0.0
870,1.0
871,1.0
872,1.0
873,3.0
874,2.0
875,1.0
876,0.0
877,3.0
878,3.0
879,3.0
880,3.0
881,3.0
882,3.0
883,2.0
884,1.0
885,0.0
886,3.0
887,3.0
888,2.0
889,1.0
890,0.0
891,3.0
892,2.0
893,0.0
894,3.0
895,2.0
896,2.0
897,0.0
898,3.0
899,0.0
900,3.0
901,2.0
902,1.0
903,0.0
904,3.0
905,3.0
906,3.0
907,3.0
908,2.0
909,1.0
910,0.0
911,0.0
912,0.0
913,0.0
914,0.0
915,0.0
916,3.0
917,0.0
918,0.0
919,3.0
920,2.0
921,0.0
922,3.0
923,0.0
924,3.0
925,1.0
926,0.0
927,0.0
928,3.0
929,2.0
930,1.0
931,0.0
932,3.0
933,3.0
934,3.0
935,3.0
936,3.0
937,3.0
938,3.0
939,3.0
940,0.0
941,0.0
942,0.0
943,0.0
944,3.0
945,1.0
946,0.0
947,0.0
948,0.0
949,3.0
950,1.0
951,0.0
952,2.0
953,1.0
954,0.0
955,0.0
956,0.0
957,3.0
958,1.0
959,0.0
960,3.0
961,2.0
962,1.0
963,0.0
964,3.0
965,3.0
966,3.0
967,3.0
968,0.0
969,3.0
970,3.0
971,3.0
972,3.0
973,0.0
974,0.0
975,0.0
976,0.0
977,3.0
978,1.0
979,0.0
980,0.0
981,0.0
982,3.0
983,1.0
984,0.0
985,2.0
986,1.0
987,0.0
988,0.0
989,0.0
990,3.0
991,1.0
992,0.0
993,3.0
994,2.0
995,1.0
996,0.0
997,3.0
998,3.0
999,3.0
1000,3.0
1001,3.0
1002,3.0
1003,3.0
1004,3.0
1005,1.0
1006,0.0
1007,0.0
1008,0.0
1009,0.0
1010,0.0
1011,3.0
1012,0.0
1013,0.0
1014,3.0
1015,0.0
1016,0.0
1017,3.0
1018,0.0
1019,0.0
1020,3.0
1021,0.0
1022,3.0
1023,0.0
1024,3.0
1025,2.0
1026,0.0
1027,1.0
1028,1.0
1029,1.0
1030,1.0
1031,1.0
1032,3.0
1033,1.0
1034,2.0
1035,3.0
1036,1.0
1037,3.0
1038,1.0
1039,3.0
1040,1.0
1041,0.0
1042,3.0
1043,1.0
1044,3.0
1045,1.0
1046,0.0
1047,3.0
1048,3.0
1049,3.0
1050,3.0
1051,3.0
1052,3.0
1053,1.0
1054,3.0
1055,3.0
1056,0.0
1057,0.0
1058,0.0
1059,0.0
1060,0.0
1061,0.0
1062,0.0
1063,3.0
1064,0.0
1065,0.0
1066,3.0
1067,0.0
1068,3.0
1069,0.0
1070,3.0
1071,1.0
1072,0.0
1073,3.0
1074,0.0
1075,3.0
1076,0.0
1077,0.0
1078,0.0
1079,0.0
1080,3.0
1081,2.0
1082,1.0
1083,0.0
1084,2.0
1085,2.0
1086,2.0
1087,2.0
1088,2.0
1089,2.0
1090,0.0
1091,2.0
1092,3.0
1093,2.0
1094,1.0
1095,0.0
1096,3.0
1097,2.0
1098,0.0
1099,3.0
1100,2.0
1101,0.0
1102,3.0
1103,2.0
1104,0.0
1105,3.0
1106,2.0
1107,1.0
1108,0.0
1109,0.0
1110,0.0
1111,3.0
1112,1.0
1113,1.0
1114,0.0
1115,3.0
1116,3.0
1117,3.0
1118,3.0
1119,3.0
1120,3.0
1121,3.0
1122,3.0
1123,2.0
1124,1.0
1125,3.0
1126,0.0
1127,3.0
1128,0.0
1129,3.0
1130,0.0
1131,3.0
1132,0.0
1133,3.0
1134,0.0
1135,0.0
1136,3.0
1137,2.0
1138,1.0
1139,0.0
1140,3.0
1141,2.0
1142,1.0
1143,0.0
1144,3.0
1145,2.0
1146,1.0
1147,0.0
1148,2.0
1149,2.0
1150,1.0
1151,0.0
1152,2.0
1153,3.0
1154,2.0
1155,1.0
1156,0.0
1157,0.0
1158,0.0
1159,0.0
1160,0.0
1161,0.0
1162,0.0
1163,0.0
1164,3.0
1165,0.0
1166,3.0
1167,3.0
1168,3.0
1169,3.0
1170,2.0
1171,1.0
1172,3.0
1173,3.0
1174,3.0
1175,2.0
1176,1.0
1177,3.0
1178,2.0
1179,1.0
1180,3.0
1181,3.0
1182,3.0
1183,2.0
1184,1.0
1185,3.0
1186,2.0
1187,1.0
1188,0.0
1189,0.0
1190,0.0
1191,0.0
1192,0.0
1193,0.0
1194,0.0
1195,0.0
1196,3.0
1197,0.0
1198,3.0
1199,3.0
1200,3.0
1201,3.0
1202,1.0
1203,1.0
1204,3.0
1205,3.0
1206,3.0
1207,2.0
1208,1.0
1209,3.0
1210,2.0
1211,1.0
1212,3.0
1213,3.0
1214,3.0
1215,2.0
1216,1.0
1217,3.0
1218,2.0
1219,1.0
1220,0.0
1221,0.0
1222,0.0
1223,0.0
1224,0.0
1225,0.0
1226,0.0
1227,0.0
1228,3.0
1229,0.0
1230,3.0
1231,3.0
1232,3.0
1233,3.0
1234,1.0
1235,1.0
1236,3.0
1237,3.0
1238,3.0
1239,2.0
1240,1.0
1241,3.0
1242,2.0
1243,1.0
1244,3.0
1245,3.0
1246,3.0
1247,2.0
1248,1.0
1249,3.0
1250,2.0
1251,1.0
1252,0.0
1253,0.0
1254,0.0
1255,0.0
1256,0.0
1257,0.0
1258,0.0
1259,0.0
1260,3.0
1261,0.0
1262,1.0
1263,1.0
1264,1.0
1265,1.0
1266,1.0
1267,1.0
1268,0.0
1269,1.0
1270,3.0
1271,2.0
1272,0.0
1273,3.0
1274,3.0
1275,3.0
1276,3.0
1277,3.0
1278,3.0
1279,0.0
1280,3.0
1281,3.0
1282,2.0
1283,0.0
1284,0.0
1285,2.0
1286,0.0
1287,0.0
1288,2.0
1289,0.0
1290,2.0
1291,0.0
1292,2.0
1293,2.0
1294,2.0
1295,0.0
1296,2.0
1297,0.0
1298,3.0
1299,2.0
1300,1.0
1301,0.0
1302,3.0
1303,3.0
1304,3.0
1305,3.0
1306,3.0
1307,3.0
1308,3.0
1309,3.0
1310,0.0
1311,0.0
1312,0.0
1313,0.0
1314,3.0
1315,1.0
1316,0.0
1317,0.0
1318,0.0
1319,3.0
1320,1.0
1321,0.0
1322,2.0
1323,1.0
1324,0.0
1325,0.0
1326,0.0
1327,2.0
1328,1.0
1329,0.0
1330,3.0
1331,2.0
1332,1.0
1333,0.0
1334,3.0
1335,2.0
1336,1.0
1337,0.0
1338,3.0
1339,3.0
1340,3.0
1341,3.0
1342,3.0
1343,3.0
1344,2.0
1345,1.0
1346,0.0
1347,3.0
1348,3.0
1349,2.0
1350,1.0
1351,0.0
1352,3.0
1353,3.0
1354,3.0
1355,3.0
1356,3.0
1357,3.0
1358,2.0
1359,1.0
1360,0.0
1361,3.0
1362,3.0
1363,2.0
1364,1.0
1365,0.0
1366,0.0
1367,0.0
1368,0.0
1369,0.0
1370,0.0
1371,3.0
1372,0.0
1373,3.0
1374,2.0
1375,1.0
1376,0.0
1377,3.0
1378,3.0
1379,3.0
1380,3.0
1381,0.0
1382,0.0
1383,0.0
1384,0.0
1385,0.0
1386,0.0
1387,0.0
1388,0.0
1389,3.0
1390,2.0
1391,1.0
1392,0.0
1393,3.0
1394,3.0
1395,3.0
1396,3.0
1397,3.0
1398,3.0
1399,3.0
1400,3.0
1401,0.0
1402,0.0
1403,0.0
1404,0.0
1405,0.0
1406,0.0
1407,0.0
1408,0.0
1409,3.0
1410,2.0
1411,1.0
1412,0.0
1413,3.0
1414,3.0
1415,3.0
1416,3.0
1417,3.0
1418,3.0
1419,3.0
1420,3.0
1421,0.0
1422,3.0
1423,0.0
1424,3.0
1425,0.0
1426,3.0
1427,0.0
1428,3.0
1429,0.0
1430,3.0
1431,0.0
1432,3.0
1433,0.0
1434,3.0
1435,0.0
1436,3.0
1437,0.0
1438,3.0
1439,0.0
1440,3.0
1441,0.0
1442,3.0
1443,0.0
1444,3.0
1445,0.0
1446,3.0
1447,0.0
1448,3.0
1449,0.0
1450,3.0
1451,0.0
1452,3.0
1453,0.0
1454,3.0
1455,0.0
1456,3.0
1457,0.0
1458,3.0
1459,0.0
1460,3.0
1461,0.0
1462,3.0
1463,0.0
1464,3.0
1465,0.0
1466,3.0
1467,0.0
1468,3.0
1469,0.0
1470,3.0
1471,2.0
1472,1.0
1473,0.0
1474,3.0
1475,2.0
1476,1.0
1477,0.0
1478,3.0
1479,2.0
1480,1.0
1481,0.0
1482,3.0
1483,2.0
1484,1.0
1485,0.0
1486,3.0
1487,2.0
1488,1.0
1489,0.0
1490,3.0
1491,2.0
1492,1.0
1493,0.0
1494,3.0
1495,2.0
1496,1.0
1497,0.0
1498,3.0
1499,2.0
1500,1.0
1501,0.0
1502,3.0
1503,2.0
1504,2.0
1505,0.0
1506,3.0
1507,2.0
1508,2.0
1509,0.0
1510,3.0
1511,2.0
1512,2.0
1513,0.0
1514,3.0
1515,2.0
1516,1.0
1517,0.0
1518,2.0
1519,1.0
1520,0.0
1521,3.0
1522,2.0
1523,1.0
1524,0.0
1525,3.0
1526,2.0
1527,2.0
1528,2.0
1529,2.0
1530,2.0
1531,2.0
1532,2.0
1533,2.0
1534,2.0
1535,2.0
1536,2.0
1537,2.0
1538,2.0
1539,2.0
1540,2.0
1541,2.0
1542,2.0
1543,2.0
1544,2.0
1545,2.0
1546,2.0
1547,2.0
1548,2.0
1549,2.0
1550,2.0
1551,2.0
1552,2.0
1553,2.0
1554,2.0
1555,2.0
1556,2.0
1557,2.0
1558,2.0
1559,2.0
1560,2.0
1561,2.0
1562,2.0
1563,2.0
1564,1.0
1565,2.0
1566,2.0
1567,2.0
1568,2.0
1569,1.0
1570,2.0
1571,2.0
1572,2.0
1573,2.0
1574,2.0
1575,1.0
1576,2.0
1577,2.0
1578,2.0
1579,2.0
1580,2.0
1581,1.0
1582,2.0
1583,2.0
1584,2.0
1585,2.0
1586,2.0
1587,1.0
1588,1.0
1589,1.0
1590,1.0
1591,1.0
1592,2.0
1593,2.0
1594,1.0
1595,1.0
1596,2.0
1597,1.0
1598,1.0
1599,1.0
1600,2.0
1601,1.0
1602,2.0
1603,1.0
1604,2.0
1605,1.0
1606,1.0
1607,2.0
1608,1.0
1609,2.0
1610,1.0
1611,2.0
1612,1.0
1613,1.0
1614,2.0
1615,1.0
1616,2.0
1617,1.0
1618,2.0
1619,1.0
1620,2.0
1621,1.0
1622,1.0
1623,2.0
1624,2.0
1625,1.0
1626,2.0
1627,1.0
1628,1.0
1629,3.0
1630,2.0
1631,1.0
1632,1.0
1633,2.0
1634,2.0
1635,1.0
1636,3.0
1637,1.0
1638,2.0
1639,3.0
1640,2.0
1641,1.0
1642,2.0
1643,2.0
1644,2.0
1645,2.0
1646,3.0
1647,2.0
1648,2.0
1649,2.0
1650,2.0
1651,2.0
1652,3.0
1653,2.0
1654,1.0
1655,1.0
1656,1.0
1657,3.0
1658,1.0
1659,2.0
1660,2.0
1661,2.0
1662,3.0
1663,2.0
1664,1.0
1665,1.0
1666,1.0
1667,3.0
1668,1.0
1669,2.0
1670,2.0
1671,2.0
1672,3.0
1673,2.0
1674,3.0
1675,3.0
1676,3.0
1677,3.0
1678,1.0
1679,3.0
1680,3.0
1681,1.0
1682,3.0
1683,3.0
1684,3.0
1685,1.0
1686,3.0
1687,3.0
1688,3.0
1689,3.0
1690,3.0
1691,2.0
1692,3.0
1693,3.0
1694,3.0
1695,2.0
1696,3.0
1697,3.0
1698,3.0
1699,2.0
1700,1.0
1701,1.0
1702,1.0
1703,1.0
1704,3.0
1705,1.0
1706,3.0
1707,1.0
1708,3.0
1709,1.0
1710,3.0
1711,2.0
1712,3.0
1713,2.0
1714,3.0
1715,2.0
1716,1.0
1717,3.0
1718,1.0
1719,1.0
1720,3.0
1721,1.0
1722,2.0
1723,2.0
1724,1.0
1725,3.0
1726,2.0
1727,3.0
1728,2.0
1729,3.0
1730,2.0
1731,3.0
1732,1.0
1733,3.0
1734,1.0
1735,3.0
1736,1.0
1737,2.0
1738,3.0
1739,2.0
1740,2.0
1741,3.0
1742,2.0
1743,1.0
1744,1.0
1745,2.0
1746,3.0
1747,1.0
1748,3.0
1749,1.0
1750,3.0
1751,1.0
1752,3.0
1753,2.0
1754,3.0
1755,2.0
1756,3.0
1757,2.0
1758,3.0
1759,2.0
1760,2.0
1761,3.0
1762,2.0
1763,3.0
1764,2.0
1765,1.0
1766,3.0
1767,1.0
1768,3.0
1769,2.0
1770,1.0
1771,0.0
1772,3.0
1773,2.0
1774,3.0
1775,3.0
1776,2.0
1777,0.0
1778,3.0
1779,3.0
1780,1.0
1781,3.0
1782,3.0
1783,0.0
1784,2.0
1785,2.0
1786,1.0
1787,2.0
1788,3.0
1789,1.0
1790,0.0
1791,3.0
1792,3.0
1793,1.0
1794,3.0
1795,1.0
1796,3.0
1797,1.0
1798,0.0
1799,1.0
1800,2.0
1801,1.0
1802,1.0
1803,3.0
1804,1.0
1805,0.0
1806,3.0
1807,3.0
1808,3.0
1809,3.0
1810,0.0
1811,2.0
1812,2.0
1813,2.0
1814,1.0
1815,3.0
1816,2.0
1817,0.0
1818,3.0
1819,3.0
1820,3.0
1821,3.0
1822,0.0
1823,2.0
1824,2.0
1825,2.0
1826,1.0
1827,2.0
1828,2.0
1829,0.0
1830,3.0
1831,2.0
1832,3.0
1833,2.0
1834,3.0
1835,2.0
1836,1.0
1837,1.0
1838,3.0
1839,1.0
1840,0.0
1841,0.0
1842,0.0
1843,3.0
1844,3.0
1845,3.0
1846,3.0
1847,1.0
1848,3.0
1849,1.0
1850,3.0
1851,1.0
1852,3.0
1853,1.0
1854,3.0
1855,1.0
1856,3.0
1857,1.0
1858,1.0
1859,0.0
1860,1.0
1861,0.0
1862,3.0
1863,0.0
1864,3.0
1865,3.0
1866,3.0
1867,3.0
1868,1.0
1869,3.0
1870,1.0
1871,3.0
1872,1.0
1873,3.0
1874,1.0
1875,3.0
1876,1.0
1877,3.0
1878,1.0
1879,0.0
1880,1.0
1881,0.0
1882,1.0
1883,0.0
1884,3.0
1885,0.0
1886,3.0
1887,3.0
1888,3.0
1889,3.0
1890,1.0
1891,3.0
1892,1.0
1893,3.0
1894,1.0
1895,3.0
1896,1.0
1897,3.0
1898,1.0
1899,3.0
1900,1.0
1901,1.0
1902,0.0
1903,1.0
1904,3.0
1905,1.0
1906,0.0
1907,1.0
1908,0.0
1909,1.0
1910,3.0
1911,1.0
1912,0.0
1913,0.0
1914,0.0
1915,2.0
1916,0.0
1917,1.0
1918,2.0
1919,1.0
1920,0.0
1921,1.0
1922,0.0
1923,1.0
1924,0.0
1925,2.0
1926,1.0
1927,0.0
1928,1.0
1929,1.0
1930,1.0
1931,2.0
1932,1.0
1933,0.0
1934,0.0
1935,0.0
1936,3.0
1937,0.0
1938,1.0
1939,1.0
1940,1.0
1941,2.0
1942,1.0
1943,0.0
1944,0.0
1945,0.0
1946,2.0
1947,0.0
1948,1.0
1949,1.0
1950,1.0
1951,2.0
1952,1.0
1953,2.0
1954,2.0
1955,2.0
1956,2.0
1957,2.0
1958,0.0
1959,2.0
1960,2.0
1961,2.0
1962,0.0
1963,2.0
1964,2.0
1965,0.0
1966,2.0
1967,2.0
1968,2.0
1969,2.0
1970,2.0
1971,2.0
1972,1.0
1973,2.0
1974,2.0
1975,1.0
1976,2.0
1977,2.0
1978,2.0
1979,2.0
1980,1.0
1981,0.0
1982,1.0
1983,0.0
1984,1.0
1985,1.0
1986,0.0
1987,2.0
1988,2.0
1989,2.0
1990,2.0
1991,0.0
1992,2.0
1993,0.0
1994,2.0
1995,0.0
1996,2.0
1997,0.0
1998,2.0
1999,0.0
2000,2.0
2001,0.0
2002,2.0
2003,1.0
2004,0.0
2005,1.0
2006,0.0
2007,2.0
2008,0.0
2009,2.0
2010,2.0
2011,2.0
2012,2.0
2013,0.0
2014,2.0
2015,0.0
2016,2.0
2017,0.0
2018,2.0
2019,0.0
2020,2.0
2021,0.0
2022,2.0
2023,0.0
2024,2.0
2025,1.0
2026,0.0
2027,1.0
2028,0.0
2029,2.0
2030,0.0
2031,2.0
2032,2.0
2033,2.0
2034,2.0
2035,0.0
2036,2.0
2037,0.0
2038,2.0
2039,0.0
2040,2.0
2041,0.0
2042,2.0
2043,0.0
2044,2.0
2045,0.0
2046,2.0
2047,1.0
2048,2.0
2049,1.0
2050,2.0
2051,1.0
2052,2.0
2053,0.0
2054,0.0
2055,2.0
2056,0.0
2057,2.0
2058,0.0
2059,2.0
2060,0.0
2061,2.0
2062,0.0
2063,1.0
2064,1.0
2065,1.0
2066,2.0
2067,0.0
2068,2.0
2069,0.0
2070,2.0
2071,0.0
2072,2.0
2073,1.0
2074,2.0
2075,1.0
2076,2.0
2077,1.0
2078,0.0
2079,2.0
2080,0.0
2081,2.0
2082,0.0
2083,2.0
2084,0.0
2085,1.0
2086,2.0
2087,1.0
2088,1.0
2089,2.0
2090,1.0
2091,0.0
2092,2.0
2093,0.0
2094,2.0
2095,0.0
2096,2.0
2097,0.0
2098,2.0
2099,2.0
2100,1.0
2101,2.0
2102,2.0
2103,2.0
2104,1.0
2105,1.0
2106,2.0
2107,1.0
2108,2.0
2109,1.0
2110,0.0
2111,2.0
2112,0.0
2113,2.0
2114,2.0
2115,1.0
2116,0.0
2117,2.0
2118,1.0
2119,2.0
2120,3.0
2121,2.0
2122,1.0
2123,2.0
2124,2.0
2125,1.0
2126,0.0
2127,2.0
2128,3.0
2129,2.0
2130,1.0
2131,1.0
2132,1.0
2133,0.0
2134,1.0
2135,3.0
2136,2.0
2137,0.0
2138,2.0
2139,2.0
2140,0.0
2141,2.0
2142,0.0
2143,3.0
2144,2.0
2145,0.0
2146,0.0
2147,1.0
2148,0.0
2149,0.0
2150,3.0
2151,1.0
2152,0.0
2153,2.0
2154,2.0
2155,2.0
2156,3.0
2157,2.0
2158,0.0
2159,0.0
2160,0.0
2161,0.0
2162,3.0
2163,2.0
2164,2.0
2165,2.0
2166,2.0
2167,2.0
2168,3.0
2169,0.0
2170,0.0
2171,1.0
2172,1.0
2173,0.0
2174,3.0
2175,1.0
2176,1.0
2177,3.0
2178,3.0
2179,3.0
2180,3.0
2181,2.0
2182,1.0
2183,3.0
2184,3.0
2185,3.0
2186,2.0
2187,1.0
2188,3.0
2189,3.0
2190,2.0
2191,1.0
2192,0.0
2193,0.0
2194,3.0
2195,2.0
2196,0.0
2197,3.0
2198,3.0
2199,3.0
2200,3.0
2201,2.0
2202,3.0
2203,2.0
2204,3.0
2205,2.0
2206,2.0
2207,0.0
2208,2.0
2209,0.0
2210,2.0
2211,0.0
2212,3.0
2213,0.0
2214,3.0
2215,0.0
2216,3.0
2217,0.0
2218,3.0
2219,0.0
2220,3.0
2221,2.0
2222,0.0
2223,3.0
2224,2.0
2225,0.0
2226,3.0
2227,2.0
2228,0.0
2229,3.0
2230,2.0
2231,3.0
2232,2.0
2233,3.0
2234,2.0
2235,2.0
2236,0.0
2237,2.0
2238,0.0
2239,2.0
2240,0.0
2241,3.0
2242,0.0
2243,3.0
2244,0.0
2245,3.0
2246,0.0
2247,3.0
2248,0.0
2249,3.0
2250,2.0
2251,0.0
2252,3.0
2253,2.0
2254,0.0
2255,3.0
2256,2.0
2257,0.0
2258,3.0
2259,2.0
2260,3.0
2261,2.0
2262,3.0
2263,2.0
2264,2.0
2265,1.0
2266,2.0
2267,0.0
2268,2.0
2269,0.0
2270,3.0
2271,0.0
2272,3.0
2273,0.0
2274,3.0
2275,0.0
2276,3.0
2277,0.0
2278,3.0
2279,3.0
2280,2.0
2281,3.0
2282,2.0
2283,3.0
2284,2.0
2285,3.0
2286,0.0
2287,3.0
2288,0.0
2289,3.0
2290,0.0
2291,3.0
2292,0.0
2293,3.0
2294,2.0
2295,2.0
2296,3.0
2297,2.0
2298,1.0
2299,0.0
2300,3.0
2301,2.0
2302,2.0
2303,3.0
2304,2.0
2305,1.0
2306,0.0
2307,3.0
2308,0.0
2309,0.0
2310,3.0
2311,1.0
2312,0.0
2313,3.0
2314,2.0
2315,2.0
2316,3.0
2317,2.0
2318,1.0
2319,0.0
2320,3.0
2321,2.0
2322,0.0
2323,2.0
2324,0.0
2325,2.0
2326,1.0
2327,0.0
2328,2.0
2329,3.0
2330,2.0
2331,3.0
2332,2.0
2333,3.0
2334,2.0
2335,1.0
2336,0.0
2337,3.0
2338,2.0
2339,0.0
2340,0.0
2341,1.0
2342,0.0
2343,3.0
2344,2.0
2345,3.0
2346,2.0
2347,3.0
2348,2.0
2349,3.0
2350,2.0
2351,1.0
2352,3.0
2353,0.0
2354,3.0
2355,0.0
2356,3.0
2357,0.0
2358,3.0
2359,2.0
2360,0.0
2361,2.0
2362,2.0
2363,2.0
2364,3.0
2365,3.0
2366,1.0
2367,1.0
2368,1.0
2369,1.0
2370,1.0
2371,3.0
2372,0.0
2373,1.0
2374,1.0
2375,1.0
2376,0.0
2377,1.0
2378,1.0
2379,3.0
2380,0.0
2381,2.0
2382,3.0
2383,2.0
2384,2.0
2385,3.0
2386,3.0
2387,1.0
2388,0.0
2389,3.0
2390,0.0
2391,3.0
2392,0.0
2393,3.0
2394,0.0
2395,1.0
2396,3.0
2397,1.0
2398,3.0
2399,1.0
2400,3.0
2401,1.0
2402,3.0
2403,3.0
2404,0.0
2405,3.0
2406,0.0
2407,3.0
2408,0.0
2409,3.0
2410,3.0
2411,1.0
2412,3.0
2413,3.0
2414,1.0
2415,0.0
2416,3.0
2417,0.0
2418,3.0
2419,0.0
2420,3.0
2421,0.0
2422,1.0
2423,3.0
2424,1.0
2425,3.0
2426,1.0
2427,3.0
2428,1.0
2429,3.0
2430,3.0
2431,0.0
2432,3.0
2433,0.0
2434,3.0
2435,0.0
2436,3.0
2437,1.0
2438,3.0
2439,1.0
2440,3.0
2441,1.0
2442,3.0
2443,1.0
2444,3.0
2445,3.0
2446,0.0
2447,3.0
2448,3.0
2449,0.0
2450,3.0
2451,3.0
2452,0.0
2453,3.0
2454,3.0
2455,0.0
2456,1.0
2457,3.0
2458,1.0
2459,3.0
2460,1.0
2461,3.0
2462,1.0
2463,0.0
2464,3.0
2465,0.0
2466,3.0
2467,0.0
2468,3.0
2469,0.0
2470,1.0
2471,3.0
2472,1.0
2473,3.0
2474,1.0
2475,3.0
2476,1.0
2477,0.0
2478,3.0
2479,0.0
2480,3.0
2481,0.0
2482,3.0
2483,0.0
2484,1.0
2485,1.0
2486,1.0
2487,3.0
2488,1.0
2489,1.0
2490,0.0
2491,3.0
2492,0.0
2493,1.0
2494,3.0
2495,2.0
2496,1.0
2497,0.0
2498,3.0
2499,0.0
2500,0.0
2501,3.0
2502,3.0
2503,0.0
2504,0.0
2505,3.0
2506,0.0
2507,0.0
2508,3.0
2509,2.0
2510,1.0
2511,0.0
2512,0.0
2513,1.0
2514,0.0
2515,1.0
2516,0.0
2517,3.0
2518,2.0
2519,0.0
2520,0.0
2521,3.0
2522,0.0
2523,3.0
2524,0.0
2525,3.0
2526,2.0
2527,0.0
2528,1.0
2529,3.0
2530,1.0
2531,3.0
2532,1.0
2533,3.0
2534,2.0
2535,1.0
2536,1.0
2537,3.0
2538,1.0
2539,3.0
2540,1.0
2541,3.0
2542,2.0
2543,1.0
2544,0.0
2545,3.0
2546,0.0
2547,3.0
2548,0.0
2549,3.0
2550,2.0
2551,0.0
2552,3.0
2553,1.0
2554,3.0
2555,1.0
2556,3.0
2557,2.0
2558,1.0
2559,2.0
2560,2.0
2561,0.0
2562,2.0
2563,2.0
2564,0.0
2565,2.0
2566,2.0
2567,2.0
2568,0.0
2569,2.0
2570,2.0
2571,3.0
2572,1.0
2573,0.0
2574,0.0
2575,0.0
2576,0.0
2577,3.0
2578,2.0
2579,0.0
2580,1.0
2581,0.0
2582,1.0
2583,3.0
2584,0.0
2585,3.0
2586,1.0
2587,3.0
2588,1.0
2589,3.0
2590,1.0
2591,0.0
2592,3.0
2593,2.0
2594,0.0
2595,3.0
2596,2.0
2597,0.0
2598,3.0
2599,2.0
2600,0.0
2601,2.0
2602,1.0
2603,3.0
2604,2.0
2605,1.0
2606,2.0
2607,1.0
2608,3.0
2609,2.0
2610,1.0
2611,1.0
2612,1.0
2613,0.0
2614,1.0
2615,3.0
2616,0.0
2617,3.0
2618,1.0
2619,3.0
2620,1.0
2621,3.0
2622,1.0
2623,0.0
2624,3.0
2625,2.0
2626,0.0
2627,3.0
2628,2.0
2629,0.0
2630,3.0
2631,2.0
2632,0.0
2633,2.0
2634,1.0
2635,3.0
2636,2.0
2637,1.0
2638,2.0
2639,1.0
2640,3.0
2641,2.0
2642,1.0
2643,1.0
2644,1.0
2645,0.0
2646,1.0
2647,3.0
2648,0.0
2649,3.0
2650,1.0
2651,3.0
2652,1.0
2653,3.0
2654,1.0
2655,0.0
2656,3.0
2657,2.0
2658,0.0
2659,3.0
2660,2.0
2661,0.0
2662,3.0
2663,2.0
2664,0.0
2665,2.0
2666,1.0
2667,3.0
2668,2.0
2669,1.0
2670,2.0
2671,1.0
2672,3.0
2673,2.0
2674,1.0
2675,0.0
2676,3.0
2677,2.0
2678,1.0
2679,0.0
2680,1.0
2681,0.0
2682,3.0
2683,2.0
2684,1.0
2685,0.0
2686,0.0
2687,3.0
2688,1.0
2689,0.0
2690,0.0
2691,3.0
2692,2.0
2693,1.0
2694,0.0
2695,1.0
2696,1.0
2697,3.0
2698,0.0
2699,1.0
2700,1.0
2701,1.0
2702,0.0
2703,1.0
2704,3.0
2705,2.0
2706,1.0
2707,1.0
2708,0.0
2709,2.0
2710,2.0
2711,0.0
2712,1.0
2713,2.0
2714,2.0
2715,2.0
2716,2.0
2717,2.0
2718,2.0
2719,0.0
2720,2.0
2721,2.0
2722,2.0
2723,2.0
2724,0.0
2725,1.0
2726,1.0
2727,1.0
2728,2.0
2729,0.0
2730,2.0
2731,2.0
2732,2.0
2733,2.0
2734,0.0
2735,1.0
2736,1.0
2737,1.0
2738,1.0
2739,0.0
2740,2.0
2741,2.0
2742,2.0
2743,2.0
2744,0.0
2745,2.0
2746,2.0
2747,1.0
2748,2.0
2749,1.0
2750,2.0
2751,1.0
2752,2.0
2753,1.0
2754,2.0
2755,1.0
2756,2.0
2757,1.0
2758,2.0
2759,1.0
2760,2.0
2761,2.0
2762,0.0
2763,2.0
2764,0.0
2765,2.0
2766,0.0
2767,2.0
2768,1.0
2769,2.0
2770,2.0
2771,1.0
2772,2.0
2773,1.0
2774,2.0
2775,1.0
2776,2.0
2777,1.0
2778,2.0
2779,1.0
2780,2.0
2781,1.0
2782,2.0
2783,1.0
2784,2.0
2785,1.0
2786,0.0
2787,2.0
2788,0.0
2789,2.0
2790,0.0
2791,2.0
2792,1.0
2793,2.0
2794,2.0
2795,1.0
2796,2.0
2797,1.0
2798,2.0
2799,1.0
2800,2.0
2801,1.0
2802,2.0
2803,1.0
2804,2.0
2805,1.0
2806,2.0
2807,1.0
2808,0.0
2809,2.0
2810,0.0
2811,2.0
2812,0.0
2813,2.0
2814,0.0
2815,2.0
2816,1.0
2817,2.0
2818,2.0
2819,1.0
2820,2.0
2821,1.0
2822,2.0
2823,1.0
2824,2.0
2825,1.0
2826,2.0
2827,1.0
2828,2.0
2829,1.0
2830,2.0
2831,1.0
2832,2.0
2833,2.0
2834,1.0
2835,0.0
2836,2.0
2837,2.0
2838,2.0
2839,0.0
2840,1.0
2841,3.0
2842,1.0
2843,0.0
2844,0.0
2845,2.0
2846,0.0
2847,0.0
2848,3.0
2849,0.0
2850,1.0
2851,2.0
2852,1.0
2853,1.0
2854,3.0
2855,1.0
2856,0.0
2857,2.0
2858,0.0
2859,2.0
2860,0.0
2861,3.0
2862,2.0
2863,0.0
2864,2.0
2865,2.0
2866,1.0
2867,2.0
2868,3.0
2869,2.0
2870,0.0
2871,2.0
2872,1.0
2873,0.0
2874,2.0
2875,0.0
2876,3.0
2877,2.0
2878,0.0
2879,2.0
2880,2.0
2881,1.0
2882,2.0
2883,3.0
2884,2.0
2885,0.0
2886,1.0
2887,0.0
2888,0.0
2889,3.0
2890,0.0
2891,2.0
2892,1.0
2893,2.0
2894,1.0
2895,2.0
2896,1.0
2897,3.0
2898,2.0
2899,1.0
2900,3.0
2901,3.0
2902,3.0
2903,3.0
2904,0.0
2905,3.0
2906,3.0
2907,3.0
2908,0.0
2909,3.0
2910,3.0
2911,0.0
2912,2.0
2913,2.0
2914,2.0
2915,3.0
2916,2.0
2917,0.0
2918,2.0
2919,1.0
2920,2.0
2921,1.0
2922,2.0
2923,1.0
2924,2.0
2925,1.0
2926,3.0
2927,0.0
2928,3.0
2929,0.0
2930,3.0
2931,0.0
2932,3.0
2933,0.0
2934,2.0
2935,1.0
2936,2.0
2937,1.0
2938,2.0
2939,1.0
2940,2.0
2941,1.0
2942,3.0
2943,1.0
2944,0.0
2945,3.0
2946,1.0
2947,0.0
2948,3.0
2949,1.0
2950,0.0
2951,3.0
2952,1.0
2953,0.0
2954,2.0
2955,2.0
2956,0.0
2957,2.0
2958,2.0
2959,0.0
2960,0.0
2961,0.0
2962,2.0
2963,2.0
2964,2.0
2965,0.0
2966,2.0
2967,2.0
2968,2.0
2969,0.0
2970,0.0
2971,0.0
2972,0.0
2973,0.0
2974,0.0
2975,0.0
2976,0.0
2977,3.0
2978,2.0
2979,1.0
2980,0.0
2981,3.0
2982,2.0
2983,2.0
2984,2.0
2985,2.0
2986,2.0
2987,2.0
2988,2.0
2989,2.0
2990,2.0
2991,2.0
2992,2.0
2993,2.0
2994,2.0
2995,2.0
2996,2.0
2997,2.0
2998,2.0
2999,2.0
3000,2.0
3001,2.0
3002,2.0
3003,2.0
3004,2.0
3005,2.0
3006,2.0
3007,1.0
3008,2.0
3009,2.0
3010,2.0
3011,2.0
3012,2.0
3013,2.0
3014,2.0
3015,2.0
3016,2.0
3017,1.0
3018,2.0
3019,1.0
3020,2.0
3021,1.0
3022,2.0
3023,2.0
3024,1.0
3025,1.0
3026,1.0
3027,2.0
3028,1.0
3029,2.0
3030,1.0
3031,2.0
3032,2.0
3033,1.0
3034,2.0
3035,1.0
3036,1.0
3037,2.0
3038,1.0
3039,1.0
3040,1.0
3041,1.0
3042,1.0
3043,1.0
3044,1.0
3045,1.0
3046,1.0
3047,2.0
3048,1.0
3049,2.0
3050,1.0
3051,1.0
3052,1.0
3053,2.0
3054,1.0
3055,2.0
3056,1.0
3057,2.0
3058,2.0
3059,1.0
3060,1.0
3061,2.0
3062,1.0
3063,2.0
3064,1.0
3065,2.0
3066,2.0
3067,1.0
3068,2.0
3069,2.0
3070,1.0
3071,1.0
3072,3.0
3073,2.0
3074,1.0
3075,1.0
3076,3.0
3077,2.0
3078,1.0
3079,1.0
3080,2.0
3081,1.0
3082,1.0
3083,2.0
3084,1.0
3085,1.0
3086,2.0
3087,1.0
3088,1.0
3089,3.0
3090,1.0
3091,3.0
3092,1.0
3093,3.0
3094,1.0
3095,1.0
3096,2.0
3097,1.0
3098,2.0
3099,3.0
3100,2.0
3101,3.0
3102,3.0
3103,2.0
3104,3.0
3105,1.0
3106,3.0
3107,1.0
3108,1.0
3109,1.0
3110,2.0
3111,1.0
3112,3.0
3113,3.0
3114,2.0
3115,2.0
3116,3.0
3117,2.0
3118,3.0
3119,2.0
3120,1.0
3121,3.0
3122,2.0
3123,3.0
3124,2.0
3125,3.0
3126,3.0
3127,3.0
3128,3.0
3129,3.0
3130,3.0
3131,3.0
3132,1.0
3133,3.0
3134,1.0
3135,2.0
3136,2.0
3137,3.0
3138,2.0
3139,3.0
3140,2.0
3141,3.0
3142,3.0
3143,1.0
3144,2.0
3145,2.0
3146,1.0
3147,2.0
3148,1.0
3149,2.0
3150,1.0
3151,3.0
3152,3.0
3153,1.0
3154,3.0
3155,2.0
3156,3.0
3157,2.0
3158,3.0
3159,2.0
3160,3.0
3161,2.0
3162,2.0
3163,2.0
3164,1.0
3165,3.0
3166,3.0
3167,2.0
3168,3.0
3169,2.0
3170,3.0
3171,2.0
3172,3.0
3173,3.0
3174,1.0
3175,2.0
3176,2.0
3177,3.0
3178,1.0
3179,3.0
3180,2.0
3181,1.0
3182,3.0
3183,3.0
3184,2.0
3185,2.0
3186,2.0
3187,1.0
3188,3.0
3189,1.0
3190,3.0
3191,1.0
3192,3.0
3193,1.0
3194,3.0
3195,1.0
3196,2.0
3197,2.0
3198,3.0
3199,1.0
3200,3.0
3201,2.0
3202,1.0
3203,3.0
3204,3.0
3205,2.0
3206,2.0
3207,2.0
3208,1.0
3209,3.0
3210,1.0
3211,3.0
3212,1.0
3213,3.0
3214,1.0
3215,3.0
3216,1.0
3217,3.0
3218,2.0
3219,3.0
3220,2.0
3221,1.0
3222,0.0
3223,3.0
3224,2.0
3225,3.0
3226,2.0
3227,1.0
3228,0.0
3229,3.0
3230,2.0
3231,3.0
3232,2.0
3233,1.0
3234,0.0
3235,3.0
3236,2.0
3237,3.0
3238,2.0
3239,3.0
3240,3.0
3241,3.0
3242,3.0
3243,2.0
3244,3.0
3245,3.0
3246,0.0
3247,0.0
3248,3.0
3249,0.0
3250,3.0
3251,1.0
3252,0.0
3253,3.0
3254,3.0
3255,2.0
3256,1.0
3257,1.0
3258,0.0
3259,1.0
3260,0.0
3261,1.0
3262,0.0
3263,3.0
3264,0.0
3265,3.0
3266,1.0
3267,0.0
3268,3.0
3269,2.0
3270,3.0
3271,2.0
3272,0.0
3273,3.0
3274,2.0
3275,2.0
3276,0.0
3277,2.0
3278,0.0
3279,3.0
3280,2.0
3281,0.0
3282,2.0
3283,1.0
3284,0.0
3285,2.0
3286,1.0
3287,0.0
3288,0.0
3289,0.0
3290,0.0
3291,2.0
3292,0.0
3293,0.0
3294,0.0
3295,3.0
3296,2.0
3297,1.0
3298,0.0
3299,2.0
3300,3.0
3301,2.0
3302,0.0
3303,0.0
3304,0.0
3305,3.0
3306,2.0
3307,0.0
3308,3.0
3309,1.0
3310,0.0
3311,3.0
3312,1.0
3313,3.0
3314,1.0
3315,0.0
3316,0.0
3317,3.0
3318,1.0
3319,0.0
3320,3.0
3321,1.0
3322,0.0
3323,3.0
3324,1.0
3325,3.0
3326,1.0
3327,3.0
3328,0.0
3329,3.0
3330,0.0
3331,3.0
3332,0.0
3333,3.0
3334,0.0
3335,3.0
3336,0.0
3337,3.0
3338,0.0
3339,3.0
3340,1.0
3341,3.0
3342,1.0
3343,0.0
3344,3.0
3345,1.0
3346,3.0
3347,1.0
3348,3.0
3349,1.0
3350,3.0
3351,1.0
3352,1.0
3353,3.0
3354,1.0
3355,0.0
3356,1.0
3357,3.0
3358,1.0
3359,1.0
3360,3.0
3361,1.0
3362,0.0
3363,0.0
3364,1.0
3365,0.0
3366,3.0
3367,0.0
3368,3.0
3369,1.0
3370,0.0
3371,3.0
3372,3.0
3373,1.0
3374,3.0
3375,3.0
3376,0.0
3377,3.0
3378,3.0
3379,0.0
3380,3.0
3381,0.0
3382,3.0
3383,0.0
3384,3.0
3385,0.0
3386,3.0
3387,1.0
3388,0.0
3389,3.0
3390,1.0
3391,3.0
3392,1.0
3393,3.0
3394,3.0
3395,0.0
3396,3.0
3397,3.0
3398,1.0
3399,0.0
3400,3.0
3401,1.0
3402,3.0
3403,1.0
3404,0.0
3405,3.0
3406,1.0
3407,3.0
3408,1.0
3409,0.0
3410,3.0
3411,3.0
3412,3.0
3413,1.0
3414,3.0
3415,1.0
3416,3.0
3417,1.0
3418,3.0
3419,1.0
3420,3.0
3421,1.0
3422,3.0
3423,1.0
3424,3.0
3425,3.0
3426,0.0
3427,3.0
3428,3.0
3429,1.0
3430,3.0
3431,3.0
3432,0.0
3433,3.0
3434,3.0
3435,1.0
3436,3.0
3437,3.0
3438,1.0
3439,3.0
3440,3.0
3441,0.0
3442,3.0
3443,1.0
3444,3.0
3445,1.0
3446,3.0
3447,1.0
3448,3.0
3449,1.0
3450,3.0
3451,3.0
3452,0.0
3453,3.0
3454,3.0
3455,1.0
3456,3.0
3457,3.0
3458,1.0
3459,0.0
3460,3.0
3461,0.0
3462,0.0
3463,3.0
3464,1.0
3465,0.0
3466,0.0
3467,3.0
3468,1.0
3469,0.0
3470,3.0
3471,1.0
3472,3.0
3473,1.0
3474,3.0
3475,1.0
3476,3.0
3477,1.0
3478,3.0
3479,1.0
3480,3.0
3481,1.0
3482,3.0
3483,1.0
3484,3.0
3485,1.0
3486,0.0
3487,3.0
3488,1.0
3489,0.0
3490,3.0
3491,1.0
3492,0.0
3493,3.0
3494,1.0
3495,3.0
3496,1.0
3497,3.0
3498,3.0
3499,0.0
3500,3.0
3501,0.0
3502,3.0
3503,0.0
3504,3.0
3505,1.0
3506,0.0
3507,3.0
3508,1.0
3509,0.0
3510,3.0
3511,1.0
3512,3.0
3513,1.0
3514,3.0
3515,0.0
3516,3.0
3517,1.0
3518,0.0
3519,3.0
3520,0.0
3521,3.0
3522,1.0
3523,0.0
3524,3.0
3525,0.0
3526,3.0
3527,0.0
3528,0.0
3529,0.0
3530,0.0
3531,3.0
3532,0.0
3533,0.0
3534,0.0
3535,3.0
3536,1.0
3537,0.0
3538,3.0
3539,3.0
3540,0.0
3541,0.0
3542,0.0
3543,0.0
3544,1.0
3545,0.0
3546,1.0
3547,0.0
3548,1.0
3549,1.0
3550,0.0
3551,0.0
3552,1.0
3553,0.0
3554,1.0
3555,0.0
3556,1.0
3557,1.0
3558,0.0
3559,3.0
3560,1.0
3561,0.0
3562,0.0
3563,2.0
3564,1.0
3565,0.0
3566,0.0
3567,2.0
3568,1.0
3569,0.0
3570,1.0
3571,0.0
3572,0.0
3573,1.0
3574,0.0
3575,1.0
3576,0.0
3577,1.0
3578,0.0
3579,1.0
3580,0.0
3581,1.0
3582,0.0
3583,0.0
3584,2.0
3585,0.0
3586,2.0
3587,1.0
3588,0.0
3589,2.0
3590,1.0
3591,0.0
3592,1.0
3593,0.0
3594,1.0
3595,0.0
3596,1.0
3597,2.0
3598,1.0
3599,2.0
3600,2.0
3601,1.0
3602,2.0
3603,0.0
3604,2.0
3605,0.0
3606,1.0
3607,0.0
3608,1.0
3609,0.0
3610,2.0
3611,2.0
3612,1.0
3613,0.0
3614,2.0
3615,1.0
3616,2.0
3617,1.0
3618,0.0
3619,2.0
3620,1.0
3621,2.0
3622,1.0
3623,2.0
3624,2.0
3625,2.0
3626,2.0
3627,2.0
3628,2.0
3629,2.0
3630,0.0
3631,2.0
3632,1.0
3633,0.0
3634,1.0
3635,0.0
3636,2.0
3637,2.0
3638,1.0
3639,0.0
3640,0.0
3641,3.0
3642,0.0
3643,0.0
3644,3.0
3645,0.0
3646,0.0
3647,2.0
3648,0.0
3649,0.0
3650,2.0
3651,0.0
3652,0.0
3653,0.0
3654,1.0
3655,3.0
3656,1.0
3657,3.0
3658,0.0
3659,3.0
3660,2.0
3661,0.0
3662,2.0
3663,0.0
3664,2.0
3665,1.0
3666,0.0
3667,0.0
3668,3.0
3669,0.0
3670,3.0
3671,1.0
3672,0.0
3673,3.0
3674,1.0
3675,0.0
3676,3.0
3677,1.0
3678,0.0
3679,3.0
3680,1.0
3681,0.0
3682,2.0
3683,1.0
3684,2.0
3685,1.0
3686,3.0
3687,1.0
3688,3.0
3689,1.0
3690,3.0
3691,2.0
3692,1.0
3693,3.0
3694,2.0
3695,1.0
3696,3.0
3697,1.0
3698,0.0
3699,3.0
3700,1.0
3701,0.0
3702,2.0
3703,0.0
3704,2.0
3705,0.0
3706,0.0
3707,3.0
3708,0.0
3709,2.0
3710,1.0
3711,2.0
3712,1.0
3713,2.0
3714,1.0
3715,2.0
3716,1.0
3717,2.0
3718,1.0
3719,2.0
3720,1.0
3721,3.0
3722,0.0
3723,3.0
3724,0.0
3725,3.0
3726,0.0
3727,3.0
3728,0.0
3729,3.0
3730,0.0
3731,3.0
3732,0.0
3733,2.0
3734,1.0
3735,2.0
3736,1.0
3737,2.0
3738,1.0
3739,2.0
3740,1.0
3741,2.0
3742,1.0
3743,2.0
3744,1.0
3745,3.0
3746,0.0
3747,3.0
3748,0.0
3749,3.0
3750,0.0
3751,3.0
3752,0.0
3753,3.0
3754,0.0
3755,3.0
3756,0.0
3757,0.0
3758,1.0
3759,0.0
3760,2.0
3761,2.0
3762,0.0
3763,2.0
3764,3.0
3765,2.0
3766,0.0
3767,2.0
3768,1.0
3769,2.0
3770,1.0
3771,2.0
3772,1.0
3773,2.0
3774,1.0
3775,2.0
3776,1.0
3777,2.0
3778,1.0
3779,2.0
3780,1.0
3781,2.0
3782,1.0
3783,0.0
3784,2.0
3785,1.0
3786,0.0
3787,2.0
3788,1.0
3789,0.0
3790,2.0
3791,1.0
3792,2.0
3793,1.0
3794,2.0
3795,0.0
3796,2.0
3797,0.0
3798,2.0
3799,0.0
3800,1.0
3801,0.0
3802,2.0
3803,1.0
3804,0.0
3805,3.0
3806,3.0
3807,2.0
3808,1.0
3809,3.0
3810,1.0
3811,0.0
3812,3.0
3813,1.0
3814,0.0
3815,3.0
3816,0.0
3817,3.0
3818,0.0
3819,3.0
3820,2.0
3821,0.0
3822,3.0
3823,2.0
3824,0.0
3825,0.0
3826,0.0
3827,0.0
3828,2.0
3829,0.0
3830,0.0
3831,0.0
3832,3.0
3833,2.0
3834,1.0
3835,0.0
3836,2.0
3837,3.0
3838,2.0
3839,1.0
3840,0.0
